YY MM DD hh WD   WSPD GST  WVHT  DPD   APD  MWD  BAR    ATMP  WTMP  DEWP  VIS
95 12 04 22 240 05.2 06.5 00.30 02.90 03.20 999 1015.0  21.4  21.5  18.8 99.0
95 12 04 23 248 03.7 04.4 00.40 03.40 03.50 999 1015.0  21.2  21.3  19.1 99.0
95 12 05 00 251 03.3 03.9 00.40 03.20 03.50 999 1015.1  20.7  21.2  19.3 99.0
95 12 05 01 247 03.1 03.6 00.40 03.80 03.50 999 1015.7  21.1  21.4  20.0 99.0
95 12 05 02 236 03.0 03.5 00.40 03.60 03.50 999 1015.7  21.2  21.9  20.2 99.0
95 12 05 03 237 01.7 01.9 00.40 03.40 03.50 999 1015.9  21.2  21.9  20.1 99.0
95 12 05 04 260 00.2 00.6 00.40 03.70 03.60 999 1016.4  21.2  21.9  20.3 99.0
95 12 05 05 182 01.6 02.0 00.40 03.60 03.60 999 1016.2  21.4  22.1  19.9 99.0
95 12 05 06 222 02.3 03.1 00.40 03.60 03.60 999 1015.9  21.5  22.2  20.1 99.0
95 12 05 07 214 03.8 04.4 00.50 03.60 03.60 999 1015.6  21.5  22.2  20.4 99.0
95 12 05 08 229 03.6 04.3 00.50 03.40 03.50 999 1015.7  21.9  22.2  20.8 99.0
95 12 05 09 219 03.8 04.3 00.50 03.70 03.50 999 1015.4  21.5  22.2  20.5 99.0
95 12 05 10 222 02.8 03.2 00.40 03.60 03.50 999 1015.7  21.4  22.0  20.5 99.0
95 12 05 11 222 03.2 03.5 00.40 03.80 03.60 999 1015.7  21.4  21.4  20.5 99.0
95 12 05 12 214 02.8 03.2 00.40 03.80 03.60 999 1016.0  21.2  21.2  20.6 99.0
95 12 05 13 204 03.2 03.7 00.40 03.80 03.60 999 1016.5  21.2  21.2  20.6 99.0
95 12 05 14 207 03.4 03.8 00.40 03.30 03.60 999 1017.2  21.4  21.2  20.5 99.0
95 12 05 15 211 03.8 04.4 00.40 03.60 03.60 999 1017.5  21.4  20.7  20.5 99.0
95 12 05 16 215 03.8 04.3 00.30 03.70 03.60 999 1018.1  21.4  20.6  20.4 99.0
95 12 05 17 217 03.8 04.3 00.40 03.70 03.70 999 1018.0  21.5  20.7  20.4 99.0
95 12 05 18 226 03.3 03.8 00.40 03.80 03.60 999 1017.4  21.4  20.7  20.6 99.0
95 12 05 19 224 02.8 03.3 00.50 04.00 03.70 999 1016.6  21.9  21.2  21.1 99.0
95 12 05 20 224 02.7 03.0 00.50 04.00 03.70 999 1015.9  22.0  21.5  21.3 99.0
95 12 05 21 220 03.5 03.9 00.50 03.80 03.70 999 1015.9  22.2  21.4  21.3 99.0
95 12 05 22 213 03.4 03.7 00.50 03.70 03.70 999 1015.9  22.2  21.4  21.3 99.0
95 12 05 23 203 02.7 03.1 00.50 04.00 03.60 999 1016.4  21.6  21.2  21.1 99.0
95 12 06 00 219 02.5 02.8 00.40 04.00 03.70 999 1016.6  21.4  21.2  20.9 99.0
95 12 06 01 220 02.4 02.7 00.50 03.70 03.70 999 1017.4  21.2  21.2  20.8 99.0
95 12 06 02 198 01.8 02.0 00.50 04.20 03.70 999 1017.5  21.1  20.7  20.8 99.0
95 12 06 03 220 02.4 02.6 00.40 03.70 03.70 999 1018.0  21.1  20.6  20.8 99.0
95 12 06 04 211 02.5 02.8 00.40 04.00 03.70 999 1018.0  20.7  20.4  20.6 99.0
95 12 06 05 205 01.6 01.8 00.40 03.70 03.80 999 1018.0  20.6  20.3  20.6 99.0
95 12 06 06 221 01.5 01.7 00.40 04.80 03.90 999 1018.0  20.4  19.8  20.4 99.0
95 12 06 07 211 02.0 02.2 00.40 04.80 03.90 999 1017.5  20.3  19.6  20.3 99.0
95 12 06 08 200 02.1 02.3 00.40 04.50 03.90 999 1017.4  20.3  19.7  20.3 99.0
95 12 06 09 200 01.9 02.0 00.40 04.50 03.80 999 1017.3  20.3  19.6  20.3 99.0
95 12 06 10 192 01.7 02.3 00.40 04.50 03.90 999 1016.7  19.9  19.6  19.8 99.0
95 12 06 11 192 01.4 01.6 00.40 04.50 03.90 999 1016.6  20.2  19.5  20.2 99.0
95 12 06 12 200 02.4 02.8 00.40 04.50 03.80 999 1017.2  20.3  19.5  20.3 99.0
95 12 06 13 223 01.0 01.3 00.40 04.80 03.70 999 1017.4  19.9  19.4  19.9 99.0
95 12 06 14 197 01.3 01.4 00.40 04.50 03.80 999 1017.9  19.9  19.5  19.9 99.0
95 12 06 15 196 01.7 02.1 00.40 04.80 03.70 999 1018.1  20.3  19.6  20.3 99.0
95 12 06 16 180 03.8 04.7 00.40 04.80 03.60 999 1018.2  21.1  19.8  19.1 99.0
95 12 06 17 208 02.1 02.5 00.40 04.20 03.70 999 1018.1  21.2  20.3  20.2 99.0
95 12 06 18 214 03.3 03.6 00.40 03.40 03.50 999 1017.4  21.5  20.3  20.3 99.0
95 12 06 19 201 03.6 03.9 00.40 03.20 03.60 999 1015.9  21.7  20.4  20.9 99.0
95 12 06 20 209 04.4 05.0 00.40 04.50 03.50 999 1015.1  22.2  20.7  20.8 99.0
95 12 06 21 222 04.3 04.8 00.40 04.30 03.50 999 1015.0  22.2  20.7  20.8 99.0
95 12 06 22 211 04.8 05.4 00.40 04.30 03.50 999 1014.5  22.2  20.6  20.9 99.0
95 12 06 23 213 05.2 05.9 00.40 04.20 03.60 999 1014.3  22.0  21.1  20.8 99.0
95 12 07 00 211 04.6 05.1 00.50 04.00 03.50 999 1014.3  22.0  21.4  20.7 99.0
95 12 07 01 215 08.4 10.1 00.50 04.00 03.50 999 1014.3  22.1  21.2  20.7 99.0
95 12 07 02 217 06.1 07.3 00.40 04.20 03.50 999 1014.3  21.9  22.0  20.1 99.0
95 12 07 03 218 04.5 05.5 00.50 04.20 03.60 999 1014.8  21.9  22.2  20.3 99.0
95 12 07 04 237 04.1 05.0 00.50 04.30 03.80 999 1014.9  22.0  22.2  20.8 99.0
95 12 07 05 243 05.0 05.8 00.60 04.80 04.00 999 1014.4  22.0  22.2  20.9 99.0
95 12 07 06 249 04.7 05.5 00.60 04.50 04.00 999 1014.3  21.9  22.2  21.0 99.0
95 12 07 07 249 05.0 05.8 00.70 04.80 04.10 999 1014.3  21.5  22.0  20.6 99.0
95 12 07 08 239 05.2 05.9 00.60 04.80 04.10 999 1014.2  21.2  21.9  20.4 99.0
95 12 07 09 250 05.3 06.0 00.60 04.80 04.00 999 1014.1  21.1  21.9  20.3 99.0
95 12 07 10 255 05.2 06.1 00.50 04.20 03.80 999 1013.5  21.2  21.9  20.5 99.0
95 12 07 11 263 05.8 06.8 00.60 04.80 04.00 999 1013.9  21.4  21.6  20.7 99.0
95 12 07 12 257 06.3 07.4 00.60 04.80 03.70 999 1014.2  21.4  21.9  20.6 99.0
95 12 07 13 281 06.8 08.0 00.70 05.00 03.60 999 1014.9  21.2  21.5  19.8 99.0
95 12 07 14 291 05.4 06.5 00.70 04.80 03.70 999 1015.1  21.4  21.4  20.2 99.0
95 12 07 15 006 10.3 11.9 00.60 04.80 03.70 999 1015.7  19.4  21.5  18.4 99.0
95 12 07 16 013 08.3 09.3 00.70 02.90 03.30 999 1016.3  18.0  21.1  16.9 99.0
95 12 07 17 005 08.8 10.5 00.80 03.60 03.50 999 1016.5  17.5  21.1  15.7 99.0
95 12 07 18 017 07.2 08.8 01.00 04.00 03.80 999 1016.3  17.2  21.3  15.6 99.0
95 12 07 19 002 07.3 08.6 01.10 05.00 04.10 999 1015.9  16.9  21.4  15.3 99.0
95 12 07 20 006 08.3 09.6 01.10 05.30 04.20 999 1015.6  16.0  21.4  14.3 99.0
95 12 07 21 008 07.8 09.0 01.00 05.30 04.00 999 1015.8  15.7  21.5  14.0 99.0
95 12 07 22 018 08.4 09.7 01.00 05.00 03.90 999 1015.9  15.6  21.4  13.4 99.0
95 12 07 23 019 08.1 09.6 01.10 04.80 04.10 999 1016.3  15.2  21.5  13.1 99.0
95 12 08 00 025 07.6 08.9 01.00 04.80 04.10 999 1016.6  15.6  21.5  13.6 99.0
95 12 08 01 018 07.8 09.6 01.10 05.00 04.20 999 1017.4  15.2  21.5  13.1 99.0
95 12 08 02 026 08.2 10.1 01.10 05.00 04.20 999 1017.9  15.1  21.4  13.2 99.0
95 12 08 04 027 07.9 09.4 01.10 04.80 04.30 999 1018.1  14.1  21.4  12.5 99.0
95 12 08 05 035 06.9 10.1 01.20 05.00 04.40 999 1018.3  14.4  21.4  12.5 99.0
95 12 08 06 048 07.3 09.5 01.30 05.30 04.60 999 1017.5  14.9  21.4  13.3 99.0
95 12 08 07 051 05.8 07.5 01.20 05.30 04.60 999 1017.3  15.7  21.8  13.5 99.0
95 12 08 08 069 04.7 06.1 01.00 05.60 04.60 999 1016.8  16.0  21.9  13.8 99.0
95 12 08 09 064 04.4 05.4 01.00 05.60 04.60 999 1016.5  16.7  22.0  14.7 99.0
95 12 08 10 094 04.3 05.7 00.90 05.60 04.60 999 1015.8  17.9  22.0  15.5 99.0
95 12 08 11 119 03.8 04.8 01.00 05.60 04.80 999 1016.2  18.3  22.2  15.9 99.0
95 12 08 12 107 04.1 05.3 00.90 06.20 04.70 999 1016.1  19.1  22.2  16.6 99.0
95 12 08 13 115 05.1 06.4 00.90 05.90 04.70 999 1016.3  19.8  22.2  17.2 99.0
95 12 08 14 112 05.1 06.5 00.80 05.60 04.50 999 1016.6  20.3  22.2  17.4 99.0
95 12 08 15 130 05.3 06.3 00.80 05.90 04.40 999 1017.4  20.6  22.2  17.8 99.0
95 12 08 16 122 06.7 08.5 00.70 05.60 04.10 999 1017.3  21.2  22.2  18.3 99.0
95 12 08 17 128 06.7 07.8 00.80 05.30 04.10 999 1017.2  21.5  22.2  18.5 99.0
95 12 08 18 133 06.2 07.5 00.80 05.30 04.00 999 1015.9  21.9  22.2  18.8 99.0
95 12 08 19 140 06.0 07.0 00.80 05.00 04.00 999 1015.7  21.9  22.0  19.2 99.0
95 12 08 20 142 05.9 06.8 00.80 04.30 04.10 999 1015.6  22.0  22.0  18.9 99.0
95 12 08 21 146 06.3 07.3 00.90 04.50 04.10 999 1015.0  21.9  22.0  19.1 99.0
95 12 08 22 140 06.7 07.9 01.00 04.80 04.40 999 1014.4  22.0  22.0  19.3 99.0
95 12 08 23 136 06.2 07.2 01.00 05.60 04.50 999 1014.9  22.0  22.0  19.6 99.0
95 12 09 00 133 06.8 08.3 01.10 05.90 04.70 999 1014.5  22.0  22.2  20.4 99.0
95 12 09 01 135 07.4 09.0 01.40 06.20 04.90 999 1014.3  22.2  22.2  20.6 99.0
95 12 09 02 139 05.9 07.3 01.30 05.90 04.90 999 1015.0  22.2  22.2  20.9 99.0
95 12 09 03 145 06.5 07.8 01.20 06.20 04.70 999 1014.8  22.3  22.2  21.1 99.0
95 12 09 04 165 06.0 07.3 01.10 06.20 04.50 999 1014.9  22.7  22.2  20.9 99.0
95 12 09 05 178 05.9 06.8 01.10 06.20 04.50 999 1014.6  22.7  22.6  20.9 99.0
95 12 09 06 196 05.4 06.5 01.10 06.20 04.60 999 1014.3  23.0  22.7  21.0 99.0
95 12 09 07 204 05.9 06.7 01.00 06.20 04.40 999 1014.2  23.0  22.7  20.8 99.0
95 12 09 08 200 05.2 06.4 00.90 06.20 04.50 999 1014.2  22.7  23.4  21.5 99.0
95 12 09 09 234 03.8 04.5 00.90 06.70 04.70 999 1014.2  22.2  23.4  20.6 99.0
95 12 09 10 304 07.8 09.4 00.90 05.60 04.70 999 1014.6  19.6  23.3  18.7 99.0
95 12 09 11 328 04.1 05.2 01.00 06.20 04.40 999 1015.0  19.1  23.0  18.4 99.0
95 12 09 12 344 05.2 06.0 01.10 06.20 04.70 999 1015.0  19.1  23.0  18.5 99.0
95 12 09 13 354 10.1 11.4 01.00 06.20 04.30 999 1015.7  18.8  23.0  17.6 99.0
95 12 09 14 006 10.5 12.6 01.30 04.00 04.00 999 1016.3  18.2  22.7  16.8 99.0
95 12 09 15 005 11.3 13.9 01.50 04.80 04.30 999 1017.1  16.5  22.7  15.4 99.0
95 12 09 16 005 11.2 13.6 01.90 05.30 04.60 999 1018.0  15.8  22.7  14.6 99.0
95 12 09 17 005 12.6 14.7 02.20 05.90 05.00 999 1018.0  14.9  22.7  13.8 99.0
95 12 09 18 019 11.3 13.5 02.30 06.20 05.20 999 1018.1  14.9  22.7  13.2 99.0
95 12 09 19 010 10.5 13.1 01.90 06.70 05.00 999 1018.1  14.6  22.7  12.8 99.0
95 12 09 20 360 11.9 14.5 02.30 06.70 05.40 999 1018.1  14.4  22.6  12.2 99.0
95 12 09 21 008 12.8 15.1 02.60 07.10 05.50 999 1018.8  12.7  22.7  11.1 99.0
95 12 09 22 004 13.8 16.3 02.90 06.70 05.60 999 1019.1  11.8  22.7  10.8 99.0
95 12 09 23 357 13.3 17.7 03.10 07.10 05.80 999 1020.8  11.7  22.7  09.6 99.0
95 12 10 00 005 14.0 16.7 03.20 07.10 05.90 999 1021.8  10.8  22.7  07.5 99.0
95 12 10 01 002 13.9 16.9 03.20 07.10 06.00 999 1022.8  11.3  22.7  07.1 99.0
95 12 10 02 003 14.3 17.9 03.50 07.70 06.20 999 1023.5  11.8  22.7  06.5 99.0
95 12 10 03 003 14.3 17.4 03.40 07.70 06.20 999 1024.6  11.2  22.7  04.4 99.0
95 12 10 04 007 14.5 18.5 03.50 07.70 06.20 999 1025.2  10.5  22.7  05.0 99.0
95 12 10 05 360 14.9 19.4 04.00 08.30 06.60 999 1025.5  09.8  22.7  03.4 99.0
95 12 10 06 004 13.9 17.8 03.70 08.30 06.40 999 1025.9  09.4  22.7  04.7 99.0
95 12 10 07 007 14.4 18.1 03.60 07.70 06.30 999 1025.9  08.7  22.7  04.4 99.0
95 12 10 08 004 14.2 18.0 03.40 08.30 06.40 999 1026.3  08.5  22.7  05.3 99.0
95 12 10 09 012 13.0 16.5 03.60 07.70 06.30 999 1026.9  08.0  22.7  04.7 99.0
95 12 10 10 013 13.1 16.5 03.30 07.70 06.00 999 1027.1  07.8  22.7  04.1 99.0
95 12 10 11 006 12.2 15.5 03.40 07.70 06.30 999 1028.0  07.5  22.7  04.1 99.0
95 12 10 12 014 13.9 17.5 03.20 07.70 06.00 999 1028.5  07.5  22.7  02.5 99.0
95 12 10 13 015 12.9 16.9 02.90 07.70 05.80 999 1029.5  07.3  22.6  03.4 99.0
95 12 10 14 013 13.7 17.4 03.00 07.70 05.90 999 1030.2  07.2  22.3  02.7 99.0
95 12 10 15 014 13.3 16.6 03.20 07.10 06.00 999 1031.2  06.8  22.4  02.5 99.0
95 12 10 16 021 13.3 17.2 03.00 07.70 05.90 999 1031.4  06.4  22.5  02.4 99.0
95 12 10 17 021 13.1 15.9 03.00 07.70 06.00 999 1031.0  06.3  22.7  02.5 99.0
95 12 10 18 019 12.9 16.4 02.80 07.70 05.90 999 1030.6  06.6  22.7  01.9 99.0
95 12 10 19 017 12.3 15.7 02.50 06.70 05.60 999 1030.1  07.0  22.7  02.4 99.0
95 12 10 20 019 10.8 13.5 02.70 07.70 05.70 999 1030.0  07.5  22.7  02.0 99.0
95 12 10 21 016 09.8 12.5 02.30 07.10 05.60 999 1029.8  08.5  22.7  01.6 99.0
95 12 10 22 016 09.6 13.3 02.40 07.10 05.70 999 1029.7  09.1  22.6  01.3 99.0
95 12 10 23 014 09.0 11.5 01.90 06.20 05.30 999 1029.9  10.1  22.6  01.2 99.0
95 12 11 00 013 10.0 12.8 01.90 05.90 05.30 999 1030.0  10.2  22.7  01.6 99.0
95 12 11 01 020 10.3 13.9 02.00 06.70 05.30 999 1030.3  10.4  22.7  03.8 99.0
95 12 11 02 027 10.3 13.3 01.90 07.10 05.40 999 1030.4  10.2  22.7 -00.1 99.0
95 12 11 03 028 09.8 12.6 02.00 06.70 05.30 999 1030.6  09.8  22.7  02.4 99.0
95 12 11 04 029 09.1 12.7 01.90 06.70 05.30 999 1031.3  09.7  22.7  03.5 99.0
95 12 11 05 027 08.2 10.8 01.90 06.20 05.20 999 1031.4  09.5  22.7  03.9 99.0
95 12 11 06 037 07.6 10.8 01.80 06.70 05.20 999 1030.6  09.0  22.7  02.2 99.0
95 12 11 07 042 07.0 09.2 01.80 06.70 05.40 999 1030.3  09.5  22.7  04.3 99.0
95 12 11 08 050 07.0 09.0 01.70 06.70 05.30 999 1029.8  09.8  22.7  04.4 99.0
95 12 11 09 051 06.5 08.9 01.40 07.10 05.00 999 1029.0  10.5  22.7  04.7 99.0
95 12 11 10 058 06.5 08.6 01.50 06.70 05.10 999 1028.8  11.2  22.7  05.1 99.0
95 12 11 11 065 06.1 08.2 01.30 06.70 04.90 999 1028.4  11.8  22.7  06.1 99.0
95 12 11 12 066 05.2 07.4 01.30 06.20 05.00 999 1028.7  12.5  22.7  05.4 99.0
95 12 11 13 038 05.2 07.4 01.20 06.20 04.70 999 1029.0  12.5  22.7  07.2 99.0
95 12 11 14 044 05.5 08.7 01.10 06.20 04.80 999 1029.7  12.8  22.7  08.2 99.0
95 12 11 15 019 08.3 11.3 01.00 05.90 04.50 999 1030.4  12.1  22.7  08.7 99.0
95 12 11 16 013 07.9 09.7 01.20 04.80 04.40 999 1031.2  11.0  22.7  09.0 99.0
95 12 11 17 029 07.6 10.0 01.20 05.60 04.40 999 1030.6  11.0  22.7  08.4 99.0
95 12 11 18 022 07.4 10.1 01.20 05.60 04.50 999 1029.9  10.9  22.7  08.1 99.0
95 12 11 19 033 06.3 09.5 01.20 05.30 04.50 999 1029.1  11.0  22.7  08.1 99.0
95 12 11 20 035 05.2 08.1 01.00 05.60 04.60 999 1028.4  11.1  22.7  07.8 99.0
95 12 11 21 055 04.1 06.6 01.10 05.90 04.80 999 1028.2  11.0  22.8  06.2 99.0
95 12 11 22 051 04.6 06.4 01.10 05.30 04.70 999 1027.4  11.4  22.7  04.9 99.0
95 12 11 23 047 04.3 06.5 01.00 05.60 04.80 999 1026.9  11.8  22.7  06.1 99.0
95 12 12 00 060 04.7 06.4 00.90 05.30 04.60 999 1026.7  12.6  22.7  06.9 99.0
95 12 12 01 062 04.6 06.4 01.00 05.60 04.80 999 1025.9  13.3  22.7  06.3 99.0
95 12 12 02 047 05.4 07.4 00.90 05.60 04.60 999 1025.7  14.0  22.7  07.6 99.0
95 12 12 03 052 05.6 07.7 00.90 05.90 04.50 999 1025.5  14.5  22.7  06.3 99.0
95 12 12 04 070 04.9 06.4 00.90 05.60 04.40 999 1025.9  15.1  22.7  06.5 99.0
95 12 12 05 090 04.0 06.1 00.90 05.30 04.40 999 1026.4  15.6  22.7  06.9 99.0
95 12 12 06 105 03.9 06.2 00.90 05.60 04.70 999 1025.9  15.7  22.7  06.6 99.0
95 12 12 07 123 03.6 05.8 00.80 05.30 04.40 999 1025.9  16.0  22.7  07.5 99.0
95 12 12 08 101 03.6 06.9 00.80 05.60 04.40 999 1025.8  16.4  22.7  08.1 99.0
95 12 12 09 111 04.1 06.2 00.80 05.30 04.40 999 1025.5  16.7  22.7  08.0 99.0
95 12 12 10 098 03.0 05.3 00.80 05.30 04.40 999 1025.6  17.2  22.7  07.8 99.0
95 12 12 11 108 03.6 04.8 00.70 05.00 04.30 999 1025.2  17.5  22.7  09.0 99.0
95 12 12 12 086 04.1 05.5 00.70 05.60 04.50 999 1025.7  17.5  22.7  08.2 99.0
95 12 12 13 090 05.0 06.6 00.70 04.30 04.30 999 1025.7  17.5  22.7  09.8 99.0
95 12 12 14 099 05.0 06.5 00.70 04.80 04.40 999 1025.8  17.6  22.7  09.6 99.0
95 12 12 15 082 06.0 08.0 00.80 05.90 04.10 999 1025.7  18.0  22.7  10.8 99.0
95 12 12 16 084 07.2 08.5 00.80 06.20 04.10 999 1025.2  17.8  22.7  11.9 99.0
95 12 12 17 086 06.7 08.4 00.90 04.50 04.20 999 1025.3  18.0  22.7  11.6 99.0
95 12 12 18 089 06.4 08.4 01.00 04.30 04.20 999 1024.3  18.2  22.7  12.6 99.0
95 12 12 19 086 07.2 08.8 01.10 05.90 04.50 999 1022.8  18.3  22.7  13.1 99.0
95 12 12 20 067 06.9 08.5 01.20 05.60 04.50 999 1022.7  18.6  22.7  13.1 99.0
95 12 12 21 059 08.5 10.4 01.30 06.20 04.70 999 1022.0  18.4  22.7  13.4 99.0
95 12 12 22 049 09.4 11.6 01.40 05.00 04.50 999 1022.4  18.3  22.7  13.9 99.0
95 12 12 23 065 09.4 11.0 01.80 05.30 04.90 999 1022.1  18.8  22.6  14.7 99.0
95 12 13 00 080 09.1 10.8 01.60 05.60 04.80 999 1022.5  18.9  22.7  14.4 99.0
95 12 13 01 086 09.2 11.1 01.70 05.90 04.90 999 1022.7  19.1  22.7  15.0 99.0
95 12 13 02 094 09.8 12.0 01.60 06.20 04.90 999 1022.2  19.5  22.7  15.2 99.0
95 12 13 03 104 10.1 11.9 01.80 06.20 05.10 999 1022.4  19.5  22.7  15.8 99.0
95 12 13 04 109 09.1 10.8 01.70 06.70 05.10 999 1022.5  19.7  22.7  15.9 99.0
95 12 13 05 111 09.3 11.1 01.90 06.70 05.30 999 1022.0  20.3  22.7  15.7 99.0
95 12 13 06 121 07.9 10.1 01.90 06.70 05.30 999 1022.0  20.4  22.2  14.8 99.0
95 12 13 07 130 07.8 09.6 02.00 06.70 05.60 999 1021.4  20.4  22.2  15.2 99.0
95 12 13 08 118 08.3 09.6 02.00 06.70 05.60 999 1021.4  20.4  22.2  14.4 99.0
95 12 13 09 122 07.4 09.2 02.00 07.10 05.80 999 1021.3  20.6  22.2  14.3 99.0
95 12 13 10 117 06.8 08.6 01.90 07.10 05.70 999 1021.3  20.6  22.7  14.6 99.0
95 12 13 11 121 06.9 08.4 02.10 07.70 05.90 999 1021.8  20.7  22.7  14.9 99.0
95 12 13 12 116 08.3 10.4 01.90 07.70 05.70 999 1021.9  20.7  22.7  14.4 99.0
95 12 13 13 117 08.7 10.7 01.90 06.70 05.60 999 1022.2  20.7  22.7  14.7 99.0
95 12 13 14 117 09.3 11.5 01.90 07.10 05.60 999 1022.5  21.0  22.7  15.5 99.0
95 12 13 15 117 09.1 10.9 02.00 07.10 05.50 999 1022.8  21.2  22.7  15.3 99.0
95 12 13 16 120 09.3 10.9 02.10 06.70 05.60 999 1022.7  21.3  22.7  14.6 99.0
95 12 13 17 131 09.0 10.9 02.00 06.70 05.40 999 1022.1  21.4  22.7  16.1 99.0
95 12 13 18 137 09.4 11.0 02.10 07.10 05.50 999 1021.0  21.4  22.7  16.5 99.0
95 12 13 19 137 08.8 10.9 01.90 06.70 05.30 999 1020.5  21.4  22.7  16.9 99.0
95 12 13 20 134 08.5 10.2 02.00 06.20 05.30 999 1020.2  21.5  22.7  15.9 99.0
95 12 13 21 138 08.2 09.9 02.00 06.20 05.40 999 1019.9  21.5  22.7  16.1 99.0
95 12 13 22 136 07.6 08.9 01.80 06.20 05.20 999 1020.3  21.5  22.2  16.3 99.0
95 12 13 23 139 07.0 08.3 01.90 06.70 05.50 999 1020.4  21.5  22.2  16.3 99.0
95 12 14 00 140 06.7 07.9 01.80 06.70 05.40 999 1020.4  21.4  21.9  15.9 99.0
95 12 14 01 133 06.7 08.3 01.80 07.10 05.50 999 1020.6  21.8  21.5  16.6 99.0
95 12 14 02 134 07.3 08.6 01.60 06.70 05.30 999 1020.6  21.9  21.5  16.3 99.0
95 12 14 03 135 07.4 08.9 01.80 07.10 05.40 999 1020.7  21.9  21.5  16.6 99.0
95 12 14 04 143 07.3 08.9 01.70 06.70 05.40 999 1020.4  21.5  21.4  17.8 99.0
95 12 14 05 146 08.4 10.2 01.70 07.10 05.40 999 1019.8  21.4  21.5  18.3 99.0
95 12 14 06 149 08.5 10.7 01.70 06.70 05.30 999 1019.6  21.8  21.4  18.8 99.0
95 12 14 07 156 08.1 09.3 01.70 06.70 05.10 999 1019.5  21.9  21.5  18.4 99.0
95 12 14 08 156 07.6 09.3 01.80 06.20 05.20 999 1019.5  22.0  21.9  18.4 99.0
95 12 14 09 166 07.4 08.6 01.70 06.70 05.20 999 1019.5  22.2  21.9  18.7 99.0
95 12 14 10 167 07.0 08.5 01.70 07.10 05.20 999 1019.4  22.1  21.9  19.3 99.0
95 12 14 11 169 06.2 07.7 01.70 06.70 05.30 999 1019.7  22.2  21.9  19.1 99.0
95 12 14 12 170 06.0 07.0 01.60 06.70 05.40 999 1020.4  22.2  21.9  19.6 99.0
95 12 14 13 180 05.8 06.9 01.70 07.10 05.50 999 1020.6  22.2  22.2  20.0 99.0
95 12 14 14 183 05.5 06.8 01.50 07.10 05.30 999 1021.1  22.7  22.2  19.9 99.0
95 12 14 15 191 04.5 05.3 01.40 06.20 05.30 999 1022.0  22.3  22.2  20.0 99.0
95 12 14 16 192 04.8 05.7 01.30 07.10 05.20 999 1022.2  22.2  22.1  20.1 99.0
95 12 14 17 186 04.7 05.8 01.40 06.70 05.50 999 1022.0  22.3  22.0  20.3 99.0
95 12 14 18 188 04.7 05.6 01.30 06.70 05.40 999 1021.2  22.2  21.9  20.5 99.0
95 12 14 19 193 03.3 04.0 01.30 06.20 05.30 999 1020.5  22.2  21.9  20.2 99.0
95 12 14 20 210 03.1 03.8 01.30 07.10 05.40 999 1019.7  22.3  21.9  20.3 99.0
95 12 14 21 201 02.6 03.1 01.20 05.90 05.50 999 1019.6  22.7  22.0  20.5 99.0
95 12 14 22 205 02.1 02.5 01.10 05.90 05.40 999 1019.7  22.7  21.9  21.1 99.0
95 12 14 23 150 01.4 01.8 01.10 06.20 05.40 999 1019.9  22.2  21.9  21.1 99.0
95 12 15 00 170 01.6 02.0 01.00 09.10 05.40 999 1020.4  21.9  21.9  20.8 99.0
95 12 15 01 151 00.8 01.0 00.90 05.90 05.20 999 1020.5  21.9  21.9  21.0 99.0
95 12 15 02 149 01.7 01.9 00.90 06.20 05.30 999 1020.8  21.9  21.9  21.0 99.0
95 12 15 03 174 04.7 05.6 00.90 05.90 05.20 999 1020.9  21.9  21.9  20.9 99.0
95 12 15 04 160 05.5 06.5 00.90 05.90 04.90 999 1021.1  21.0  21.9  19.7 99.0
95 12 15 05 156 03.4 04.1 00.90 05.60 05.00 999 1020.6  21.2  21.9  19.8 99.0
95 12 15 06 161 05.1 06.4 00.80 05.30 05.00 999 1020.0  21.7  21.9  20.0 99.0
95 12 15 07 164 04.7 05.4 00.80 05.30 05.00 999 1019.7  21.9  21.9  20.7 99.0
95 12 15 08 161 04.3 05.2 00.80 05.60 04.80 999 1019.7  21.9  21.9  21.0 99.0
95 12 15 09 166 04.9 05.7 00.80 05.60 04.60 999 1019.7  21.9  21.9  20.8 99.0
95 12 15 10 159 04.4 05.1 00.80 05.60 04.60 999 1019.7  22.0  21.9  20.4 99.0
95 12 15 11 154 04.2 04.9 00.90 05.60 04.60 999 1019.6  21.9  21.9  20.4 99.0
95 12 15 12 150 04.0 04.8 00.90 05.30 04.50 999 1019.9  21.9  21.9  20.4 99.0
95 12 15 13 152 03.8 04.6 00.90 06.20 04.60 999 1020.5  21.9  20.6  20.3 99.0
95 12 15 14 152 03.3 04.0 00.90 05.30 04.80 999 1021.0  21.9  20.6  20.2 99.0
95 12 15 15 161 02.7 03.1 00.90 05.00 04.50 999 1021.9  21.9  19.9  20.2 99.0
95 12 15 16 150 01.9 02.2 00.80 04.80 04.50 999 1022.0  21.9  19.6  20.4 99.0
95 12 15 17 151 01.4 01.7 00.80 05.30 04.40 999 1021.9  21.9  19.6  20.5 99.0
95 12 15 18 145 02.7 03.1 00.80 05.30 04.50 999 1020.7  21.5  19.1  20.2 99.0
95 12 15 19 155 01.9 02.1 00.80 05.30 04.50 999 1019.8  21.8  19.5  20.5 99.0
95 12 15 20 137 02.4 02.7 00.80 05.00 04.50 999 1019.0  21.5  19.6  20.4 99.0
95 12 15 21 127 02.0 02.4 00.80 04.80 04.50 999 1018.8  21.4  19.9  20.5 99.0
95 12 15 22 121 01.5 01.9 00.80 05.30 04.50 999 1018.8  20.7  19.9  19.9 99.0
95 12 15 23 114 02.3 02.6 00.80 05.00 04.30 999 1018.1  20.4  19.6  19.8 99.0
95 12 16 00 131 03.4 03.9 00.80 05.00 04.40 999 1018.0  20.5  19.2  19.8 99.0
95 12 16 01 137 02.6 02.9 00.80 04.80 04.30 999 1018.1  20.4  19.5  19.6 99.0
95 12 16 02 138 03.4 03.9 00.70 05.30 04.30 999 1018.1  20.6  19.5  19.8 99.0
95 12 16 03 149 03.5 03.9 00.70 04.50 04.10 999 1018.1  20.7  19.6  19.8 99.0
95 12 16 04 146 03.3 03.7 00.80 04.50 04.20 999 1018.1  20.6  19.6  19.9 99.0
95 12 16 05 151 05.1 05.8 00.90 05.00 04.30 999 1017.4  21.2  19.8  20.1 99.0
95 12 16 06 168 05.7 06.6 00.80 04.50 04.20 999 1017.2  21.4  19.8  20.2 99.0
95 12 16 07 169 03.7 04.4 00.80 04.80 04.10 999 1017.0  21.5  19.9  20.2 99.0
95 12 16 09 172 04.8 05.7 00.70 05.30 04.30 999 1016.4  21.9  21.2  20.8 99.0
95 12 16 10 180 04.2 05.2 00.70 05.30 04.40 999 1015.9  22.2  21.9  20.9 99.0
95 12 16 11 190 03.4 04.1 00.70 05.00 04.40 999 1015.9  22.2  22.0  20.8 99.0
95 12 16 12 172 02.1 02.6 00.70 04.80 04.50 999 1016.5  22.2  22.0  20.9 99.0
95 12 16 13 167 01.3 01.8 00.70 05.60 04.60 999 1016.6  22.0  22.0  20.8 99.0
95 12 16 14 118 01.7 02.1 00.70 04.80 04.60 999 1017.2  22.2  21.9  20.9 99.0
95 12 16 15 068 01.4 01.9 00.70 04.80 04.50 999 1017.4  22.2  21.6  21.3 99.0
95 12 16 16 076 02.1 02.5 00.70 05.60 04.50 999 1017.4  21.5  20.7  20.8 99.0
95 12 16 17 061 01.4 01.6 00.80 06.70 04.80 999 1017.4  21.9  20.7  21.3 99.0
95 12 16 18 073 01.9 02.1 00.80 06.20 04.90 999 1015.9  21.5  21.1  21.0 99.0
95 12 16 19 083 01.1 01.3 00.80 06.70 04.90 999 1015.2  21.5  21.2  20.9 99.0
95 12 16 20 086 02.0 02.3 00.80 05.60 04.80 999 1014.7  21.4  20.7  20.8 99.0
95 12 16 21 091 01.7 01.9 00.80 05.30 05.00 999 1014.4  21.4  20.6  20.7 99.0
95 12 16 22 069 01.9 02.2 00.80 07.10 05.10 999 1014.6  21.2  20.4  20.5 99.0
95 12 16 23 060 02.1 02.4 00.80 06.70 05.00 999 1014.8  21.1  20.3  20.4 99.0
95 12 17 00 091 03.0 03.5 00.80 07.10 05.00 999 1015.0  20.7  20.3  20.2 99.0
95 12 17 01 094 03.6 04.1 00.70 06.70 05.20 999 1015.1  20.9  20.3  20.4 99.0
95 12 17 02 098 03.1 03.6 00.70 07.10 05.00 999 1015.7  21.1  20.3  20.5 99.0
95 12 17 03 125 04.0 04.7 00.80 07.10 05.10 999 1015.7  21.4  20.3  20.3 99.0
95 12 17 04 122 04.9 05.9 00.80 05.30 04.70 999 1015.6  21.4  20.3  20.3 99.0
95 12 17 05 117 05.8 06.9 00.80 07.10 04.40 999 1015.0  21.5  20.4  20.1 99.0
95 12 17 06 123 05.3 06.5 00.90 07.70 04.30 999 1014.9  21.5  20.6  19.9 99.0
95 12 17 07 125 05.5 07.1 01.00 07.70 04.50 999 1014.9  21.8  20.6  20.3 99.0
95 12 17 08 135 07.0 08.5 01.00 04.50 04.40 999 1014.8  21.9  20.6  19.9 99.0
95 12 17 09 129 07.2 08.4 01.10 04.80 04.40 999 1014.4  21.9  20.7  19.8 99.0
95 12 17 10 123 07.3 09.0 01.20 05.60 04.50 999 1014.2  21.9  21.1  19.7 99.0
95 12 17 11 117 06.6 08.1 01.20 04.80 04.50 999 1014.3  21.9  21.2  19.4 99.0
95 12 17 12 117 06.7 07.9 01.20 05.60 04.70 999 1015.0  21.9  21.2  19.5 99.0
95 12 17 13 109 08.0 09.3 01.20 05.30 04.50 999 1015.0  21.9  21.4  19.3 99.0
95 12 17 14 109 09.1 10.8 01.30 05.30 04.60 999 1014.8  21.9  21.4  19.3 99.0
95 12 17 15 115 09.2 11.3 01.60 05.60 04.80 999 1015.0  22.1  21.5  19.2 99.0
95 12 17 16 120 09.4 11.7 01.60 05.90 04.80 999 1015.0  22.2  21.9  19.7 99.0
95 12 17 17 122 09.9 12.3 01.90 05.60 05.10 999 1014.3  22.2  21.9  19.9 99.0
95 12 17 18 125 09.2 11.2 01.90 06.20 05.20 999 1013.9  22.2  22.0  20.2 99.0
95 12 17 19 124 08.5 10.8 01.90 06.70 05.10 999 1013.4  22.2  22.1  20.3 99.0
95 12 17 20 132 09.5 11.1 02.00 06.20 05.20 999 1012.7  22.3  22.2  19.8 99.0
95 12 17 21 128 09.9 12.2 01.90 06.20 05.20 999 1012.6  22.4  22.2  20.2 99.0
95 12 17 22 128 09.5 12.2 02.00 06.20 05.30 999 1012.6  22.3  22.2  20.1 99.0
95 12 17 23 133 10.0 12.4 02.00 06.70 05.30 999 1012.5  22.7  22.2  20.5 99.0
95 12 18 00 142 10.4 13.0 02.30 06.70 05.40 999 1012.8  22.7  22.2  20.7 99.0
95 12 18 01 138 11.8 15.1 02.20 06.70 05.50 999 1011.9  22.7  22.7  20.4 99.0
95 12 18 02 136 12.3 14.7 02.50 06.70 05.50 999 1011.6  22.7  22.7  20.5 99.0
95 12 18 03 138 12.0 15.0 02.50 07.10 05.60 999 1011.4  22.7  23.0  20.6 99.0
95 12 18 04 140 10.3 14.4 02.40 07.10 05.60 999 1012.4  22.9  23.0  20.7 99.0
95 12 18 05 142 10.1 13.7 02.60 07.10 05.70 999 1012.9  23.0  23.0  20.9 99.0
95 12 18 06 147 08.9 11.1 02.40 07.70 05.80 999 1012.9  23.0  23.0  20.9 99.0
95 12 18 07 142 08.0 09.8 02.40 07.10 05.90 999 1012.7  23.0  23.0  21.0 99.0
95 12 18 08 132 06.8 09.1 02.40 07.10 06.00 999 1012.5  22.9  23.0  21.1 99.0
95 12 18 09 131 07.8 09.5 02.50 07.70 06.10 999 1012.0  22.9  23.0  21.2 99.0
95 12 18 10 127 08.5 10.7 02.40 07.70 06.00 999 1011.7  23.0  23.0  21.3 99.0
95 12 18 11 126 08.9 10.9 02.20 07.70 05.80 999 1010.8  23.0  23.0  21.1 99.0
95 12 18 12 130 10.3 12.8 02.20 07.70 05.90 999 1010.3  23.0  23.0  21.1 99.0
95 12 18 13 136 10.2 12.5 02.30 07.10 05.60 999 1010.3  23.0  23.0  21.0 99.0
95 12 18 14 135 11.3 13.7 02.60 07.10 05.70 999 1010.2  23.0  23.0  21.1 99.0
95 12 18 15 139 11.0 12.7 02.50 07.70 05.70 999 1010.2  23.0  23.0  21.3 99.0
95 12 18 16 145 10.5 12.8 02.70 07.70 05.80 999 1010.5  23.0  23.0  21.5 99.0
95 12 18 17 147 10.6 13.2 02.50 07.70 05.80 999 1009.3  23.4  23.0  22.0 99.0
95 12 18 18 149 10.7 14.1 02.60 08.30 05.90 999 1008.0  23.4  23.0  22.0 99.0
95 12 18 19 149 10.2 12.6 02.60 08.30 06.10 999 1007.2  23.5  23.0  22.1 99.0
95 12 18 20 151 10.4 12.4 02.60 07.70 06.00 999 1006.2  23.4  23.0  22.3 99.0
95 12 18 21 151 09.9 11.6 02.50 08.30 06.10 999 1005.3  23.4  23.0  22.5 99.0
95 12 18 22 169 10.1 12.0 02.70 07.70 06.10 999 1005.5  23.5  23.0  22.4 99.0
95 12 18 23 177 08.9 10.9 02.40 08.30 06.10 999 1006.5  23.5  23.0  22.3 99.0
95 12 19 00 183 10.3 13.1 02.40 08.30 06.00 999 1005.4  23.5  23.0  22.3 99.0
95 12 19 01 180 09.7 11.8 02.30 08.30 05.90 999 1005.7  23.5  23.0  22.5 99.0
95 12 19 02 180 10.0 11.8 02.30 08.30 05.80 999 1005.9  23.5  23.0  22.4 99.0
95 12 19 03 186 11.5 14.0 02.20 08.30 05.60 999 1005.5  23.7  23.0  22.4 99.0
95 12 19 04 186 09.4 12.3 02.50 09.10 06.00 999 1005.0  22.8  23.0  21.9 99.0
95 12 19 05 202 08.7 10.3 02.40 09.10 05.80 999 1005.8  20.6  23.0  19.3 99.0
95 12 19 06 235 05.9 08.0 02.50 09.10 06.00 999 1006.5  21.2  23.0  20.0 99.0
95 12 19 07 271 10.6 12.8 02.50 09.10 06.10 999 1006.2  21.4  23.0  17.3 99.0
95 12 19 08 282 11.2 13.4 02.10 09.10 05.70 999 1006.2  20.6  23.0  15.9 99.0
95 12 19 09 275 10.3 12.9 02.20 09.10 05.90 999 1006.8  19.9  23.0  16.0 99.0
95 12 19 10 266 10.9 13.3 02.30 10.00 05.60 999 1006.4  19.5  22.9  14.8 99.0
95 12 19 11 269 11.5 14.6 02.40 10.00 05.70 999 1006.3  18.2  22.7  14.8 99.0
95 12 19 12 264 11.3 13.9 02.50 09.10 05.60 999 1006.6  17.3  22.7  14.5 99.0
95 12 19 13 268 11.2 13.6 02.60 05.90 05.50 999 1007.9  16.9  22.3  14.2 99.0
95 12 19 14 265 11.9 14.3 02.60 06.20 05.60 999 1008.3  16.6  22.2  13.2 99.0
95 12 19 15 270 13.9 17.7 03.00 07.10 06.00 999 1008.6  16.0  22.2  12.6 99.0
95 12 19 16 264 12.8 16.5 03.10 07.70 06.00 999 1008.9  15.8  22.2  11.4 99.0
95 12 19 17 271 13.9 16.8 03.10 07.10 05.90 999 1008.9  15.0  22.2  11.5 99.0
95 12 19 18 274 13.9 17.4 03.00 06.70 05.90 999 1008.2  14.4  21.9  11.0 99.0
95 12 19 19 274 13.1 15.7 03.10 08.30 06.00 999 1007.9  13.7  21.9  10.6 99.0
95 12 19 20 279 11.9 14.7 03.00 07.70 06.10 999 1008.0  13.4  21.9  09.9 99.0
95 12 19 21 279 11.3 13.7 02.80 09.10 06.10 999 1008.2  13.4  21.9  09.8 99.0
95 12 19 22 278 12.0 14.7 03.00 09.10 06.20 999 1008.7  13.0  21.9  10.0 99.0
95 12 19 23 281 11.7 14.6 02.80 09.10 06.00 999 1009.2  12.8  21.9  08.9 99.0
95 12 20 00 302 11.4 13.9 02.70 09.10 05.80 999 1009.9  12.5  21.9  09.1 99.0
95 12 20 01 308 10.7 13.1 02.80 09.10 05.90 999 1010.6  12.0  21.9  08.1 99.0
95 12 20 02 308 11.4 14.8 02.90 09.10 05.90 999 1011.3  11.4  21.9  07.9 99.0
95 12 20 03 310 11.7 14.5 02.70 06.20 05.80 999 1011.8  11.1  21.9  07.3 99.0
95 12 20 04 320 10.4 13.6 02.80 05.90 06.00 999 1012.9  10.3  21.9  05.4 99.0
95 12 20 05 322 11.0 14.3 02.50 06.20 05.70 999 1013.0  10.5  21.9  06.5 99.0
95 12 20 06 321 09.6 13.0 02.40 06.20 05.80 999 1013.3  10.6  21.9  06.5 99.0
95 12 20 07 313 10.3 15.0 02.40 06.20 05.70 999 1013.4  10.5  21.9  05.5 99.0
95 12 20 08 309 10.2 14.0 02.40 06.20 05.50 999 1013.6  10.3  21.9  05.4 99.0
95 12 20 09 307 09.1 11.4 02.10 09.10 05.60 999 1013.6  10.2  21.9  06.0 99.0
95 12 20 10 319 09.9 12.9 02.00 08.30 05.30 999 1013.5  09.8  21.9  06.3 99.0
95 12 20 11 307 09.6 12.0 02.30 09.10 05.50 999 1014.5  09.4  21.9  05.7 99.0
95 12 20 12 322 10.4 13.2 02.20 05.60 05.40 999 1015.0  09.2  21.9  06.1 99.0
95 12 20 13 320 09.7 13.4 02.20 05.60 05.50 999 1015.7  09.2  21.9  06.6 99.0
95 12 20 14 326 09.2 12.9 01.80 05.90 05.10 999 1016.6  09.0  21.9  05.2 99.0
95 12 20 15 326 09.9 13.1 01.90 06.20 05.20 999 1017.6  09.3  21.9  06.2 99.0
95 12 20 16 341 07.9 11.2 01.70 05.90 05.10 999 1018.3  08.6  21.9  05.2 99.0
95 12 20 17 338 09.1 12.1 01.70 05.60 04.80 999 1018.2  09.0  21.9  06.1 99.0
95 12 20 18 345 06.7 09.8 01.60 05.60 04.80 999 1018.0  08.8  21.9  05.3 99.0
95 12 20 19 344 07.6 10.1 01.40 05.60 04.70 999 1016.7  08.8  21.9  05.9 99.0
95 12 20 20 331 06.4 09.1 01.40 05.30 04.70 999 1017.1  08.9  21.9  05.7 99.0
95 12 20 21 328 07.3 09.6 01.40 05.30 04.60 999 1016.9  08.7  21.9  05.1 99.0
95 12 20 22 342 06.8 09.8 01.30 05.30 04.50 999 1016.7  08.9  21.9  05.2 99.0
95 12 20 23 349 07.0 10.8 01.20 05.30 04.50 999 1016.7  09.3  21.9  05.7 99.0
95 12 21 00 349 06.1 08.1 01.20 05.00 04.40 999 1017.3  09.4  21.9  05.5 99.0
95 12 21 01 344 05.6 09.0 01.00 05.00 04.40 999 1018.0  09.5  21.9  04.6 99.0
95 12 21 02 342 04.8 06.3 01.00 04.80 04.20 999 1018.5  09.8  21.9  04.3 99.0
95 12 21 03 346 05.4 07.9 01.00 04.80 04.30 999 1018.9  10.1  21.9  04.6 99.0
95 12 21 04 356 06.6 08.7 00.90 04.50 04.30 999 1018.8  10.2  21.9  04.4 99.0
95 12 21 05 358 06.5 08.5 01.00 04.50 04.20 999 1018.6  10.1  21.9  04.1 99.0
95 12 21 06 358 04.8 07.1 00.90 04.50 04.10 999 1019.0  09.8  21.9  03.5 99.0
95 12 21 07 347 04.1 06.5 00.90 04.30 04.20 999 1019.0  09.8  21.9  02.8 99.0
95 12 21 08 004 03.9 05.6 00.80 04.50 04.20 999 1018.2  09.8  21.9  04.1 99.0
95 12 21 09 356 04.3 06.6 00.80 04.30 04.40 999 1018.1  09.9  21.9  03.7 99.0
95 12 21 10 339 03.7 05.7 00.70 04.30 04.20 999 1018.7  10.1  21.7  03.8 99.0
95 12 21 11 340 04.3 06.4 00.70 04.30 04.20 999 1018.0  10.1  21.7  03.4 99.0
95 12 21 12 353 03.0 05.6 00.70 04.30 04.10 999 1018.1  10.1  21.9  04.3 99.0
95 12 21 13 006 03.8 06.2 00.60 04.20 04.10 999 1018.9  10.2  21.9  03.2 99.0
95 12 21 14 036 04.8 07.5 00.50 04.20 04.00 999 1018.8  10.3  21.9  03.9 99.0
95 12 21 15 032 04.6 06.9 00.50 03.80 03.90 999 1018.8  10.6  21.9  04.6 99.0
95 12 21 16 042 03.5 05.2 00.50 03.80 03.80 999 1019.3  10.6  21.9  04.0 99.0
95 12 21 17 352 02.8 05.0 00.50 03.70 03.80 999 1020.3  10.7  22.0  03.2 99.0
95 12 21 18 027 02.6 04.8 00.50 04.20 03.80 999 1018.8  10.7  22.0  03.1 99.0
95 12 21 19 358 03.3 06.3 00.50 04.20 03.80 999 1017.3  10.7  22.0  04.0 99.0
95 12 21 20 003 02.0 03.4 00.40 04.00 03.80 999 1016.6  10.9  22.0  03.5 99.0
95 12 21 21 030 02.5 03.8 00.40 03.80 03.80 999 1016.4  10.9  22.0  03.4 99.0
95 12 21 22 026 03.3 04.8 00.40 04.00 03.80 999 1015.9  11.0  22.0  04.2 99.0
95 12 21 23 042 03.9 05.4 00.40 03.80 03.80 999 1015.2  11.3  22.0  03.7 99.0
95 12 22 00 019 03.6 05.5 00.40 03.60 03.70 999 1016.0  11.3  21.9  02.5 99.0
95 12 22 01 008 04.1 05.7 00.40 03.80 03.60 999 1016.6  11.4  21.9  02.8 99.0
95 12 22 02 031 03.2 05.1 00.40 03.40 03.40 999 1017.3  11.4  21.9  02.1 99.0
95 12 22 03 015 03.8 05.5 00.40 03.80 03.40 999 1017.3  11.7  21.9  02.5 99.0
95 12 22 04 010 03.6 05.2 00.40 03.70 03.40 999 1017.6  11.7  21.9  02.1 99.0
95 12 22 05 011 03.5 05.4 00.30 03.70 03.40 999 1017.3  12.1  21.9  03.6 99.0
95 12 22 06 042 04.4 05.7 00.40 03.40 03.40 999 1016.7  12.5  21.9  05.5 99.0
95 12 22 07 032 05.1 07.0 00.40 03.30 03.20 999 1016.5  12.4  21.9  05.8 99.0
95 12 22 08 035 06.3 08.7 00.40 03.10 03.20 999 1015.9  12.2  21.9  05.1 99.0
95 12 22 09 029 06.5 08.7 00.60 03.40 03.30 999 1016.1  12.2  21.9  06.8 99.0
95 12 22 10 033 07.1 10.3 00.70 03.80 03.50 999 1015.6  12.8  21.9  08.1 99.0
95 12 22 11 038 07.0 09.3 00.70 03.80 03.60 999 1015.1  12.6  21.9  07.5 99.0
95 12 22 12 026 08.6 10.8 00.80 04.20 03.70 999 1015.9  12.3  21.9  08.5 99.0
95 12 22 13 027 09.1 11.8 01.00 04.30 03.90 999 1016.0  11.8  21.9  07.9 99.0
95 12 22 14 022 09.2 11.5 01.10 04.50 04.10 999 1016.6  12.0  21.9  08.9 99.0
95 12 22 15 011 10.4 12.3 01.40 05.00 04.30 999 1018.0  10.6  21.9  08.1 99.0
95 12 22 16 027 09.5 11.2 01.40 05.30 04.30 999 1017.8  10.3  21.9  08.2 99.0
95 12 22 17 016 09.7 11.7 01.50 05.30 04.50 999 1017.4  10.2  21.9  07.8 99.0
95 12 22 18 021 08.9 10.8 01.40 05.30 04.40 999 1017.4  09.7  21.9  06.4 99.0
95 12 22 19 023 08.5 10.7 01.50 05.30 04.50 999 1016.7  09.2  21.9  06.2 99.0
95 12 22 20 025 06.7 08.7 01.40 05.60 04.60 999 1016.6  08.9  21.9  05.1 99.0
95 12 22 21 020 07.0 09.0 01.20 05.60 04.50 999 1016.8  08.9  21.9  06.0 99.0
95 12 22 22 026 08.3 10.6 01.30 05.30 04.40 999 1016.5  08.9  21.9  05.7 99.0
95 12 22 23 008 09.1 11.5 01.30 05.30 04.30 999 1017.4  09.1  21.9  06.1 99.0
95 12 23 00 016 09.6 12.2 01.30 05.30 04.50 999 1018.7  08.7  21.9  05.1 99.0
95 12 23 01 025 08.7 11.4 01.30 05.60 04.40 999 1018.7  08.7  21.9  05.4 99.0
95 12 23 02 022 09.1 11.7 01.30 05.60 04.40 999 1019.0  08.9  21.9  03.4 99.0
95 12 23 03 014 09.6 11.8 01.40 05.30 04.50 999 1019.7  09.0  21.9  04.9 99.0
95 12 23 04 008 09.2 12.1 01.50 05.60 04.60 999 1020.5  08.8  21.8  05.2 99.0
95 12 23 05 004 08.8 11.3 01.40 05.60 04.50 999 1020.5  08.9  21.5  06.3 99.0
95 12 23 06 007 08.1 10.9 01.50 05.60 04.70 999 1021.2  08.1  21.5  05.5 99.0
95 12 23 07 017 07.5 10.1 01.30 05.90 04.50 999 1021.5  07.7  21.9  04.6 99.0
95 12 23 08 011 08.1 11.0 01.50 05.90 04.90 999 1021.2  08.3  21.9  04.6 99.0
95 12 23 09 007 08.9 12.7 01.50 05.60 04.70 999 1022.0  08.2  21.9  04.1 99.0
95 12 23 10 355 08.4 11.5 01.50 06.20 04.80 999 1021.5  08.5  21.9  04.6 99.0
95 12 23 11 006 09.2 12.3 01.60 05.90 04.80 999 1021.2  07.9  21.9  04.0 99.0
95 12 23 12 002 08.2 10.4 01.50 06.20 04.80 999 1022.0  07.9  21.9  04.5 99.0
95 12 23 13 357 08.1 11.0 01.60 05.90 04.80 999 1022.7  07.7  21.9  03.7 99.0
95 12 23 14 357 09.0 11.6 01.80 05.90 05.00 999 1023.2  07.8  21.9  04.0 99.0
95 12 23 15 360 07.6 10.5 01.60 06.20 04.70 999 1024.3  07.6  21.9  03.6 99.0
95 12 23 16 360 07.3 09.4 01.60 05.90 04.90 999 1025.3  07.6  22.2  03.1 99.0
95 12 23 17 007 06.5 08.8 01.60 05.30 04.80 999 1025.2  07.3  22.2  03.4 99.0
95 12 23 18 346 06.2 08.5 01.50 05.90 04.90 999 1024.5  07.5  22.2  02.7 99.0
95 12 23 19 344 06.5 08.7 01.70 05.90 05.10 999 1023.9  07.2  22.2  02.0 99.0
95 12 23 20 343 07.2 09.9 01.40 05.30 04.70 999 1023.0  07.8  22.0  02.8 99.0
95 12 23 21 326 07.6 11.1 01.30 05.30 04.50 999 1023.7  08.2  22.0  03.5 99.0
95 12 23 22 324 08.9 11.6 01.30 05.00 04.40 999 1022.5  08.6  21.9  03.8 99.0
95 12 23 23 325 08.5 10.7 01.30 04.80 04.30 999 1022.6  08.8  21.9  03.4 99.0
95 12 24 00 324 08.7 11.4 01.30 05.00 04.40 999 1022.7  09.2  21.9  03.1 99.0
95 12 24 01 338 08.1 11.1 01.30 05.00 04.40 999 1023.0  09.4  22.0  03.9 99.0
95 12 24 02 353 08.1 11.1 01.30 05.00 04.30 999 1023.6  09.2  22.0  04.1 99.0
95 12 24 03 354 08.2 10.5 01.30 05.30 04.30 999 1024.6  09.0  22.0  03.1 99.0
95 12 24 04 347 09.1 11.7 01.20 05.00 04.30 999 1024.5  08.7  22.0  03.8 99.0
95 12 24 05 357 10.0 12.8 01.30 05.00 04.30 999 1025.1  08.2  22.0  03.4 99.0
95 12 24 06 003 09.4 12.3 01.40 05.30 04.50 999 1025.2  07.5  22.0  02.0 99.0
95 12 24 07 354 09.2 12.6 01.40 05.60 04.50 999 1025.2  07.5  21.9  02.5 99.0
95 12 24 08 350 09.1 11.8 01.50 05.60 04.60 999 1025.1  07.4  21.9  02.9 99.0
95 12 24 09 353 08.5 11.8 01.50 05.30 04.60 999 1025.4  07.2  21.9  02.1 99.0
95 12 24 10 347 08.2 10.6 01.50 05.60 04.60 999 1025.8  07.1  21.9  02.5 99.0
95 12 24 11 360 08.0 10.4 01.40 05.60 04.60 999 1025.9  07.0  21.9  02.9 99.0
95 12 24 12 360 07.4 09.7 01.40 05.60 04.60 999 1026.2  07.0  21.9  01.7 99.0
95 12 24 13 360 08.4 11.1 01.20 05.60 04.40 999 1026.5  07.1  21.9  02.4 99.0
95 12 24 14 004 07.4 09.8 01.30 05.60 04.50 999 1026.7  07.0  21.9  01.7 99.0
95 12 24 15 360 06.6 09.6 01.30 05.60 04.60 999 1027.5  07.2  21.9  01.4 99.0
95 12 24 16 008 05.2 08.6 01.10 05.30 04.50 999 1028.4  07.0  21.9  01.3 99.0
95 12 24 17 014 04.6 06.5 01.10 05.30 04.40 999 1027.5  07.0  21.9  01.1 99.0
95 12 24 18 360 03.9 06.5 01.00 05.30 04.30 999 1026.8  07.1  21.9  01.8 99.0
95 12 24 19 356 04.8 06.9 00.90 05.00 04.20 999 1025.9  07.2  21.9  01.4 99.0
95 12 24 20 327 03.7 05.5 00.90 04.80 04.30 999 1025.2  07.8  21.9  02.1 99.0
95 12 24 21 310 03.6 05.8 00.70 04.50 04.00 999 1025.0  07.9  21.9  01.1 99.0
95 12 24 22 308 03.9 06.0 00.70 04.50 04.10 999 1024.3  08.2  21.9  02.3 99.0
95 12 24 23 300 04.3 06.1 00.60 04.30 03.90 999 1024.3  08.3  21.9  03.0 99.0
95 12 25 00 308 04.8 06.8 00.60 04.30 03.80 999 1025.1  08.2  21.9  02.7 99.0
95 12 25 01 320 05.0 07.5 00.60 04.50 03.70 999 1025.0  08.5  21.9  01.9 99.0
95 12 25 02 328 05.6 07.8 00.60 03.40 03.60 999 1025.1  08.7  21.9  01.1 99.0
95 12 25 03 318 04.6 06.9 00.50 04.50 03.60 999 1025.7  08.9  21.9  00.9 99.0
95 12 25 04 313 04.8 06.3 00.50 03.00 03.40 999 1025.8  09.4  21.9  02.6 99.0
95 12 25 05 318 05.6 08.6 00.50 03.00 03.40 999 1025.4  09.5  21.9  03.3 99.0
95 12 25 06 320 06.4 08.5 00.50 03.30 03.30 999 1025.7  09.5  21.8  02.3 99.0
95 12 25 07 326 06.7 08.8 00.60 03.70 03.40 999 1025.2  09.9  21.5  04.0 99.0
95 12 25 08 325 05.5 07.7 00.60 03.80 03.50 999 1025.3  09.6  21.5  02.0 99.0
95 12 25 09 329 06.4 09.2 00.70 03.80 03.50 999 1025.1  09.7  21.5  01.4 99.0
95 12 25 10 322 06.7 09.7 00.70 04.00 03.50 999 1024.5  09.7  21.5  01.9 99.0
95 12 25 11 318 05.9 08.8 00.80 04.20 03.70 999 1025.2  09.7  21.5  02.5 99.0
95 12 25 12 317 05.5 07.3 00.70 04.20 03.70 999 1025.7  09.4  21.5  01.5 99.0
95 12 25 13 340 05.9 08.0 00.70 04.30 03.70 999 1025.8  09.5  21.5  01.7 99.0
95 12 25 14 338 06.3 08.5 00.60 04.20 03.60 999 1025.7  09.4  21.5  02.4 99.0
95 12 25 15 352 07.0 09.8 00.80 04.20 03.70 999 1026.6  09.4  21.5  01.6 99.0
95 12 25 16 341 06.2 09.5 00.80 04.30 03.70 999 1026.5  09.7  21.5  01.7 99.0
95 12 25 17 350 06.2 08.7 00.80 04.30 03.80 999 1025.9  09.8  21.5  00.4 99.0
95 12 25 18 347 06.5 09.1 00.70 04.30 03.70 999 1024.8  10.2  21.5  03.2 99.0
95 12 25 19 341 06.3 08.3 00.80 04.30 03.80 999 1023.7  10.3  21.5  03.2 99.0
95 12 25 20 322 04.9 07.6 00.70 04.00 03.70 999 1022.8  10.2  21.5  02.5 99.0
95 12 25 21 308 04.9 07.8 00.60 04.20 03.60 999 1022.6  10.3  21.4  02.8 99.0
95 12 25 22 306 05.3 07.1 00.60 03.80 03.50 999 1022.2  10.5  21.4  02.3 99.0
95 12 25 23 288 05.6 08.0 00.60 03.70 03.40 999 1022.6  10.9  21.4  02.6 99.0
95 12 26 00 295 05.6 07.9 00.60 03.80 03.40 999 1022.7  11.0  21.4  02.4 99.0
95 12 26 01 301 06.8 08.5 00.60 03.80 03.40 999 1022.8  11.7  21.4  02.5 99.0
95 12 26 02 297 06.9 09.4 00.70 03.70 03.40 999 1022.8  12.1  21.4  04.6 99.0
95 12 26 03 304 06.5 09.3 00.70 03.80 03.60 999 1022.8  12.1  21.4  02.3 99.0
95 12 26 04 305 06.9 09.8 00.70 04.00 03.60 999 1023.1  12.5  21.4  02.8 99.0
95 12 26 05 299 07.1 09.6 00.70 03.80 03.50 999 1023.5  12.6  21.4  03.8 99.0
95 12 26 06 309 07.3 10.4 00.80 03.70 03.60 999 1022.7  12.8  21.4  05.6 99.0
95 12 26 07 305 05.9 09.4 00.90 04.20 03.80 999 1022.7  12.8  21.4  02.8 99.0
95 12 26 08 298 07.3 09.6 01.00 04.30 03.80 999 1022.3  12.9  21.3  03.6 99.0
95 12 26 09 304 06.7 09.0 00.90 04.20 03.80 999 1022.2  12.8  21.2  03.0 99.0
95 12 26 10 305 06.7 10.2 00.80 04.20 03.70 999 1022.2  12.9  21.2  03.1 99.0
95 12 26 11 316 07.0 09.2 00.90 04.30 03.80 999 1022.0  12.8  21.2  03.6 99.0
95 12 26 12 325 07.5 09.2 00.90 04.50 03.80 999 1021.9  12.4  21.2  06.7 99.0
95 12 26 13 329 05.4 07.4 00.90 04.30 03.90 999 1022.8  12.1  21.2  04.4 99.0
95 12 26 14 329 05.0 07.1 00.90 04.30 03.90 999 1022.8  12.4  21.2  04.5 99.0
95 12 26 15 006 04.4 06.4 00.80 04.30 03.90 999 1022.8  12.1  21.2  07.0 99.0
95 12 26 16 356 03.9 05.7 00.70 04.20 03.70 999 1022.8  11.9  21.2  07.0 99.0
95 12 26 17 010 03.8 05.7 00.60 03.80 03.60 999 1022.8  11.8  21.2  06.4 99.0
95 12 26 18 029 03.2 04.9 00.60 03.80 03.60 999 1022.7  11.1  21.2  06.9 99.0
95 12 26 19 015 03.6 05.6 00.60 04.20 03.70 999 1021.1  11.0  21.2  07.3 99.0
95 12 26 20 003 02.1 03.9 00.60 04.20 03.70 999 1021.6  11.3  21.2  07.0 99.0
95 12 26 21 347 03.1 04.8 00.50 04.50 03.90 999 1021.0  11.3  21.2  07.3 99.0
95 12 26 22 349 02.9 04.2 00.50 04.00 03.80 999 1020.5  11.3  21.2  06.7 99.0
95 12 26 23 329 02.5 03.9 00.40 04.20 03.80 999 1020.6  11.0  21.2  06.1 99.0
95 12 27 00 325 03.5 05.4 00.40 03.80 03.60 999 1020.7  11.3  21.2  06.1 99.0
95 12 27 01 328 02.5 03.9 00.40 04.50 03.70 999 1020.7  11.1  21.2  05.6 99.0
95 12 27 02 336 02.6 04.6 00.30 04.80 03.60 999 1021.1  11.1  21.2  05.8 99.0
95 12 27 03 302 03.1 04.7 00.30 04.30 03.50 999 1021.0  11.3  21.2  06.0 99.0
95 12 27 04 307 04.5 06.0 00.30 04.80 03.50 999 1021.2  11.3  21.2  05.3 99.0
95 12 27 05 297 04.8 07.2 00.30 03.00 03.30 999 1021.2  11.4  21.2  04.8 99.0
95 12 27 06 320 04.7 06.5 00.40 02.80 03.10 999 1020.5  11.7  21.2  05.5 99.0
95 12 27 07 306 05.0 06.5 00.40 02.90 03.10 999 1019.7  11.5  21.2  06.2 99.0
95 12 27 08 320 05.3 07.1 00.40 03.00 03.10 999 1019.6  11.4  21.2  05.9 99.0
95 12 27 09 327 05.0 06.4 00.50 03.10 03.20 999 1019.2  11.6  21.2  05.7 99.0
95 12 27 10 324 04.6 06.2 00.50 03.20 03.20 999 1019.5  11.7  21.2  05.0 99.0
95 12 27 11 315 05.4 07.5 00.50 03.20 03.30 999 1019.4  11.9  21.2  04.4 99.0
95 12 27 12 338 04.3 05.8 00.50 03.60 03.40 999 1019.7  11.7  21.2  04.0 99.0
95 12 27 13 327 05.3 06.7 00.60 03.70 03.40 999 1020.6  11.7  21.2  05.3 99.0
95 12 27 14 336 06.0 08.3 00.60 03.80 03.50 999 1020.8  11.4  21.2  06.1 99.0
95 12 27 15 338 05.9 07.6 00.70 03.70 03.60 999 1021.2  11.7  21.2  04.6 99.0
95 12 27 16 342 06.2 08.1 00.70 04.00 03.60 999 1021.0  12.1  21.2  05.6 99.0
95 12 27 17 349 05.6 07.4 00.70 03.80 03.60 999 1020.7  11.8  21.2  05.3 99.0
95 12 27 18 342 04.8 06.7 00.70 04.20 03.70 999 1020.2  11.7  21.2  05.8 99.0
95 12 27 19 345 03.7 05.4 00.60 04.20 03.60 999 1019.0  11.9  21.2  05.8 99.0
95 12 27 20 329 04.3 06.0 00.50 04.20 03.60 999 1018.5  12.1  21.2  06.5 99.0
95 12 27 21 330 05.2 07.7 00.50 03.80 03.50 999 1018.1  12.1  21.2  06.1 99.0
95 12 27 22 330 05.1 07.7 00.50 03.80 03.30 999 1018.7  11.8  21.2  05.8 99.0
95 12 27 23 337 05.2 07.1 00.40 03.80 03.30 999 1019.0  12.1  21.2  06.1 99.0
95 12 28 00 357 04.9 06.7 00.50 03.60 03.30 999 1019.6  12.4  20.9  05.7 99.0
95 12 28 01 017 06.3 08.1 00.50 03.60 03.20 999 1020.0  12.8  20.4  04.5 99.0
95 12 28 02 011 06.9 08.9 00.50 03.60 03.20 999 1020.5  12.9  20.4  03.6 99.0
95 12 28 03 011 07.3 09.5 00.60 03.40 03.30 999 1020.6  12.7  20.5  03.6 99.0
95 12 28 04 006 07.0 09.1 00.70 03.40 03.30 999 1021.1  12.8  20.5  04.6 99.0
95 12 28 05 015 06.7 08.5 00.70 03.80 03.50 999 1021.2  12.8  20.5  03.8 99.0
95 12 28 06 017 07.5 10.0 00.70 03.80 03.50 999 1020.8  12.8  20.5  04.0 99.0
95 12 28 07 016 08.4 10.6 00.90 04.00 03.70 999 1020.6  12.3  20.6  04.8 99.0
95 12 28 08 014 09.0 11.2 01.00 04.30 03.90 999 1020.5  11.7  20.6  05.4 99.0
95 12 28 09 017 08.8 11.3 01.10 04.80 04.10 999 1020.9  10.6  20.7  05.6 99.0
95 12 28 10 018 09.0 12.1 01.30 05.00 04.30 999 1020.9  09.9  20.7  04.9 99.0
95 12 28 11 018 09.5 11.6 01.40 05.90 04.50 999 1021.2  09.2  20.7  04.9 99.0
95 12 28 12 020 08.7 10.9 01.50 05.90 04.50 999 1021.9  08.9  20.7  05.4 99.0
95 12 28 13 017 08.6 11.3 01.60 06.20 04.70 999 1022.7  08.6  20.7  05.1 99.0
95 12 28 14 019 08.3 10.7 01.70 06.20 05.00 999 1023.7  08.2  20.7  04.0 99.0
95 12 28 15 018 08.5 11.2 01.60 06.20 04.90 999 1024.0  08.2  20.7  04.2 99.0
95 12 28 16 024 08.3 11.3 01.50 05.90 04.80 999 1024.2  07.9  20.7  03.6 99.0
95 12 28 17 018 07.4 10.1 01.40 06.20 04.60 999 1024.2  07.8  20.7  02.9 99.0
95 12 28 18 023 07.2 09.3 01.30 05.90 04.70 999 1023.5  07.8  20.4  03.6 99.0
95 12 28 19 022 05.7 08.2 01.20 05.90 04.60 999 1023.5  07.8  19.9  03.5 99.0
95 12 28 20 004 06.2 08.3 01.20 05.30 04.70 999 1023.0  07.8  19.9  03.5 99.0
95 12 28 21 005 06.5 08.5 01.10 05.90 04.50 999 1022.8  07.5  19.9  03.2 99.0
95 12 28 22 005 07.7 09.9 01.10 05.90 04.30 999 1023.1  07.6  20.3  03.4 99.0
95 12 28 23 007 07.3 10.0 00.90 05.90 04.10 999 1023.7  07.9  20.3  03.2 99.0
95 12 29 00 004 09.0 12.0 01.00 05.60 04.10 999 1023.7  08.7  20.3  04.4 99.0
95 12 29 01 013 08.5 12.0 01.10 05.90 04.00 999 1024.1  09.0  20.4  04.5 99.0
95 12 29 02 012 10.3 13.4 01.10 04.00 04.00 999 1024.1  09.5  20.5  03.5 99.0
95 12 29 03 019 10.5 13.4 01.40 05.00 04.30 999 1024.3  09.8  20.4  04.2 99.0
95 12 29 04 020 09.9 12.2 01.60 05.00 04.40 999 1025.1  09.8  20.4  03.9 99.0
95 12 29 05 026 09.3 11.8 01.50 05.30 04.50 999 1025.1  09.4  20.6  03.7 99.0
95 12 29 06 026 09.2 11.8 01.50 05.30 04.60 999 1024.8  09.6  20.4  04.1 99.0
95 12 29 07 049 08.0 09.8 01.50 05.00 04.60 999 1025.1  09.7  20.4  04.1 99.0
95 12 29 08 047 09.3 12.7 01.50 05.60 04.60 999 1024.2  09.8  20.4  04.2 99.0
95 12 29 09 048 07.7 09.3 01.60 05.90 04.70 999 1024.3  10.0  20.4  04.3 99.0
95 12 29 10 051 07.4 09.7 01.50 05.90 04.70 999 1024.3  10.5  20.4  05.6 99.0
95 12 29 11 053 07.1 09.7 01.40 05.30 04.50 999 1024.3  10.8  20.4  05.3 99.0
95 12 29 12 053 06.2 08.6 01.20 05.90 04.40 999 1024.3  11.3  20.4  05.4 99.0
95 12 29 13 060 06.7 09.2 01.20 05.60 04.50 999 1025.0  11.8  20.3  06.2 99.0
95 12 29 14 068 06.6 08.7 01.20 05.60 04.50 999 1025.2  12.0  20.4  06.4 99.0
95 12 29 15 079 05.4 06.9 01.10 05.60 04.40 999 1025.9  12.5  20.4  05.5 99.0
95 12 29 16 081 05.9 08.4 01.00 05.60 04.40 999 1026.6  12.6  20.4  06.2 99.0
95 12 29 17 063 05.8 08.0 00.90 05.60 04.30 999 1025.9  12.9  20.4  06.6 99.0
95 12 29 18 086 04.9 06.3 00.90 05.60 04.30 999 1025.6  12.9  20.4  05.6 99.0
95 12 29 19 068 05.2 07.0 00.90 05.30 04.20 999 1024.5  12.9  20.3  06.0 99.0
95 12 29 20 071 04.4 06.2 00.90 05.60 04.40 999 1024.3  12.9  20.3  05.8 99.0
95 12 29 21 065 03.8 05.8 00.90 05.60 04.50 999 1024.1  13.1  20.3  05.9 99.0
95 12 29 22 065 04.6 06.2 00.90 05.30 04.50 999 1024.2  13.3  20.3  05.9 99.0
95 12 29 23 067 04.6 06.5 00.80 05.90 04.40 999 1024.3  13.5  20.3  06.7 99.0
95 12 30 00 097 02.5 04.6 00.90 05.30 04.50 999 1025.1  13.6  19.9  06.2 99.0
95 12 30 01 068 04.0 05.4 00.80 05.90 04.50 999 1025.2  13.7  19.9  06.7 99.0
95 12 30 02 050 04.0 05.8 00.80 05.90 04.60 999 1025.3  14.1  19.9  07.1 99.0
95 12 30 03 073 06.4 07.8 00.80 05.90 04.50 999 1025.1  14.4  19.9  07.3 99.0
95 12 30 04 087 07.7 09.8 00.90 05.60 04.30 999 1025.0  14.7  20.3  09.8 99.0
95 12 30 05 083 08.3 09.8 01.00 04.20 04.20 999 1024.3  14.5  20.3  09.4 99.0
95 12 30 06 091 07.2 09.2 01.10 05.00 04.20 999 1024.2  14.4  20.3  08.9 99.0
95 12 30 07 094 05.9 07.6 01.00 04.30 04.30 999 1024.2  14.3  20.4  08.4 99.0
95 12 30 08 097 05.4 06.8 01.00 04.50 04.40 999 1023.9  14.4  20.4  08.4 99.0
95 12 30 09 097 04.4 05.9 00.90 05.30 04.40 999 1023.5  14.4  20.4  07.8 99.0
95 12 30 10 091 04.7 06.4 00.90 05.00 04.60 999 1022.8  14.5  20.4  07.6 99.0
95 12 30 11 080 04.6 06.5 00.80 07.70 04.70 999 1022.1  14.9  20.4  07.8 99.0
95 12 30 12 104 04.3 06.1 00.80 06.70 04.70 999 1022.6  15.3  20.4  09.4 99.0
95 12 30 13 117 05.0 06.4 00.90 07.70 04.70 999 1022.2  15.9  20.4  10.2 99.0
95 12 30 14 110 05.2 07.2 00.80 06.20 04.50 999 1022.1  16.7  20.4  11.1 99.0
95 12 30 15 105 04.5 05.9 00.70 07.10 04.50 999 1022.7  16.8  20.4  11.4 99.0
95 12 30 16 100 05.1 06.5 00.80 06.20 04.50 999 1022.7  17.2  20.4  12.5 99.0
95 12 30 17 097 04.7 06.1 00.80 06.20 04.50 999 1022.6  17.2  20.4  12.3 99.0
95 12 30 18 080 04.3 05.2 00.80 06.20 04.50 999 1021.2  17.3  20.4  12.6 99.0
95 12 30 19 079 04.0 05.4 00.80 06.20 04.80 999 1019.8  17.3  20.4  12.4 99.0
95 12 30 20 089 03.6 04.4 00.80 06.70 04.80 999 1019.6  17.5  20.4  12.8 99.0
95 12 30 21 093 04.3 05.3 00.80 08.30 04.80 999 1019.0  17.6  20.4  13.1 99.0
95 12 30 22 101 04.4 05.9 00.80 05.60 04.80 999 1018.7  18.0  20.4  13.7 99.0
95 12 30 23 073 05.4 06.6 00.80 05.60 04.80 999 1018.0  18.1  20.4  13.9 99.0
95 12 31 00 074 04.9 06.0 00.80 07.10 04.70 999 1018.1  18.3  20.4  14.2 99.0
95 12 31 01 069 05.6 06.6 00.80 05.90 04.70 999 1018.1  18.4  20.4  14.6 99.0
95 12 31 02 085 06.3 07.7 00.90 05.60 04.60 999 1017.9  18.8  20.4  14.8 99.0
95 12 31 03 084 06.5 07.6 00.90 06.70 04.60 999 1018.0  18.8  20.4  15.5 99.0
95 12 31 04 087 06.6 07.6 00.90 06.70 04.30 999 1017.5  19.1  20.4  16.1 99.0
95 12 31 05 092 07.1 08.5 00.90 06.20 04.40 999 1016.7  19.5  20.4  15.6 99.0
95 12 31 06 086 06.7 08.1 00.90 05.90 04.40 999 1016.6  19.5  20.4  16.1 99.0
95 12 31 07 096 06.9 07.9 00.90 06.20 04.20 999 1016.0  19.5  20.4  17.1 99.0
95 12 31 08 105 07.2 08.8 00.90 05.90 04.10 999 1015.0  19.8  20.4  17.3 99.0
95 12 31 09 106 08.0 09.3 01.00 05.60 04.20 999 1014.1  19.9  20.4  17.3 99.0
95 12 31 10 110 07.4 08.5 01.10 06.70 04.40 999 1013.3  20.1  20.3  17.2 99.0
95 12 31 11 116 07.8 09.3 01.10 04.30 04.30 999 1012.2  20.2  19.8  18.1 99.0
95 12 31 12 124 08.4 10.1 01.20 05.60 04.30 999 1011.9  20.3  19.6  18.7 99.0
95 12 31 13 128 08.6 10.2 01.30 05.00 04.50 999 1011.6  20.6  20.1  19.2 99.0
95 12 31 14 136 08.4 09.9 01.30 05.30 04.50 999 1011.7  20.7  20.6  19.2 99.0
95 12 31 15 133 07.2 08.4 01.30 05.00 04.60 999 1011.7  21.1  20.6  19.6 99.0
95 12 31 16 136 06.4 07.7 01.40 05.00 04.70 999 1011.2  21.1  20.6  19.9 99.0
95 12 31 17 144 06.9 08.3 01.30 05.00 04.80 999 1010.4  21.2  20.6  20.2 99.0
95 12 31 18 159 05.3 06.3 01.30 05.60 04.80 999 1009.1  21.4  20.5  20.4 99.0
95 12 31 19 178 05.1 05.9 01.20 06.70 04.90 999 1007.6  21.5  20.3  20.4 99.0
95 12 31 20 218 04.2 05.4 01.20 07.70 04.90 999 1006.7  21.5  19.8  20.3 99.0
95 12 31 21 242 02.1 02.6 01.10 05.60 05.00 999 1006.4  21.2  19.6  20.4 99.0
95 12 31 22 317 08.4 10.1 01.00 07.10 05.00 999 1006.4  18.4  19.6  17.0 99.0
95 12 31 23 329 10.7 12.8 01.30 03.80 04.10 999 1006.3  17.8  19.7  16.2 99.0
